Gaussian_RBF: 0.33302893185246124
Decision_Tree: 0.661001421934737
Neural_Network: 0.6679050547600385
Random_Forest: 0.6818871931355319
KNN: 0.7074379321459074
Gaussian_Naive_Bayes: 0.7552965989661937
Logistic_Regression: 0.7606811314754651
Adaboost: 0.7684275296289439
Linear_SVC: 0.7996207665637082
