Neural_Network: 0.6863636363636364
Gaussian_RBF: 0.4909090909090909
Decision_Tree: 0.6818181818181818
Random_Forest: 0.6681818181818182
KNN: 0.7181818181818181
Gaussian_Naive_Bayes: 0.759090909090909
Logistic_Regression: 0.7909090909090909
Linear_SVC: 0.8090909090909091
Adaboost: 0.8090909090909091
