Gaussian_RBF: 0.4909090909090909
Neural_Network: 0.6636363636363637
Random_Forest: 0.6681818181818182
KNN: 0.7045454545454546
Gaussian_Naive_Bayes: 0.7318181818181818
Decision_Tree: 0.7363636363636363
Adaboost: 0.7727272727272727
Logistic_Regression: 0.7727272727272727
Linear_SVC: 0.7772727272727272
