Gaussian_RBF: 0.4909090909090909
Neural_Network: 0.6863636363636364
KNN: 0.7136363636363636
Decision_Tree: 0.7272727272727273
Random_Forest: 0.7272727272727273
Adaboost: 0.740909090909091
Gaussian_Naive_Bayes: 0.7818181818181819
Linear_SVC: 0.7818181818181819
Logistic_Regression: 0.7818181818181819
