Gaussian_RBF: 0.33302893185246124
Neural_Network: 0.6477921853631431
Decision_Tree: 0.6789867017043762
Random_Forest: 0.6898329248130235
KNN: 0.6992059030153905
Linear_SVC: 0.7424305554100303
Gaussian_Naive_Bayes: 0.742997932238309
Logistic_Regression: 0.7432259664145333
Adaboost: 0.7596337951330933
