Gaussian_Naive_Bayes: 0.6891891891891891
Neural_Network: 0.6621621621621622
Logistic_Regression: 0.7162162162162162
Linear_SVC: 0.7162162162162162
KNN: 0.6486486486486487
Gaussian_RBF: 0.5135135135135135
Decision_Tree: 0.6621621621621622
Random_Forest: 0.6351351351351351
Adaboost: 0.7432432432432432
