Gaussian_RBF: 0.4909090909090909
Neural_Network: 0.6272727272727273
KNN: 0.6954545454545454
Random_Forest: 0.7136363636363636
Decision_Tree: 0.7227272727272728
Linear_SVC: 0.740909090909091
Logistic_Regression: 0.7545454545454545
Adaboost: 0.7636363636363637
Gaussian_Naive_Bayes: 0.7727272727272727
