Gaussian_RBF: 0.4909090909090909
Neural_Network: 0.6272727272727273
Random_Forest: 0.7045454545454546
Decision_Tree: 0.7227272727272728
KNN: 0.7227272727272728
Adaboost: 0.7272727272727273
Gaussian_Naive_Bayes: 0.7727272727272727
Linear_SVC: 0.7863636363636364
Logistic_Regression: 0.7863636363636364
