Gaussian_RBF: 0.33302893185246124
Neural_Network: 0.5871066978892443
Decision_Tree: 0.6736852146295627
Random_Forest: 0.6794598911550912
Gaussian_Naive_Bayes: 0.7224324782982642
KNN: 0.7225396444799299
Adaboost: 0.7236907196110741
Linear_SVC: 0.7334040032461904
Logistic_Regression: 0.7580319654485607
