Gaussian_RBF: 0.47542226937480175
Random_Forest: 0.5779807196436009
Neural_Network: 0.5843154118628086
KNN: 0.688581769253384
Gaussian_Naive_Bayes: 0.6991728352562087
Decision_Tree: 0.7159987601495589
Adaboost: 0.7626420196713231
Linear_SVC: 0.8026376704929528
Logistic_Regression: 0.807343323791142
