Gaussian_RBF: 0.33302893185246124
Neural_Network: 0.6883097643804454
Decision_Tree: 0.7020704970147486
KNN: 0.708651956218623
Random_Forest: 0.7345868403589664
Linear_SVC: 0.7494556964595153
Logistic_Regression: 0.7511286044964917
Gaussian_Naive_Bayes: 0.7528186013387225
Adaboost: 0.765244451555362
