Gaussian_RBF: 0.4970403524179141
Neural_Network: 0.660652111679302
Random_Forest: 0.6682308803633654
KNN: 0.6794055824200501
Decision_Tree: 0.6963374249282586
Gaussian_Naive_Bayes: 0.7455374139439137
Adaboost: 0.7523224312639668
Logistic_Regression: 0.8074631232460101
Linear_SVC: 0.815374971261017
