Gaussian_RBF: 0.4909090909090909
Decision_Tree: 0.6590909090909091
KNN: 0.6772727272727272
Neural_Network: 0.7272727272727273
Random_Forest: 0.7318181818181818
Adaboost: 0.740909090909091
Gaussian_Naive_Bayes: 0.75
Linear_SVC: 0.7636363636363637
Logistic_Regression: 0.8045454545454546
