Gaussian_RBF: 0.33839411221062593
Decision_Tree: 0.6582662180700934
Random_Forest: 0.6821362661712256
KNN: 0.6950246977153762
Gaussian_Naive_Bayes: 0.7048236178866517
Neural_Network: 0.7285036828874436
Adaboost: 0.7552315543859103
Logistic_Regression: 0.7868635685236549
Linear_SVC: 0.8170711929891732
