Gaussian_RBF: 0.33302893185246124
Neural_Network: 0.555708197911733
Random_Forest: 0.6617977227777591
Decision_Tree: 0.6746521552757492
KNN: 0.7169101388933131
Gaussian_Naive_Bayes: 0.7497451198480902
Logistic_Regression: 0.7593995590122262
Adaboost: 0.7730207305123422
Linear_SVC: 0.7853023867465125
