Gaussian_RBF: 0.33302893185246124
Neural_Network: 0.6018031765741942
Decision_Tree: 0.6519008947653258
Random_Forest: 0.6858757567437911
KNN: 0.7074379321459074
Gaussian_Naive_Bayes: 0.7552017540221401
Logistic_Regression: 0.757885377733191
Linear_SVC: 0.7723144946167435
Adaboost: 0.7732491537657447
